Accuracy : 0.770949720670391
Precision: 0.71875
Recall   : 0.6666666666666666
F1-score : 0.6917293233082706
